0.941202
0.941109
0.924198
0.919277
0.954366
0.940182
0.922455
0.939005
0.745152
0.791592
0.874043
0.878803
0.765027
0.828979
0.93978
0.768602
0.801463
0.91243
0.971638
0.812261
0.908825
0.944055
0.831831
0.954552
0.839638
0.921888
0.919987
0.82969
0.920401
0.837465
0.813142
0.845901
0.946064
0.82811
0.792052
0.791955
0.811695
0.787821
0.956836
0.810401
0.816423
0.827868
0.96953
0.835571
0.798768
0.812374
0.798901
0.824684
0.787382
0.992893
0.782323
0.949612
0.922744
0.943385
0.919771
0.946143
0.951328
0.930176
0.943433
0.818427
0.796097
0.92235
0.801007
0.795727
0.812949
0.818947
0.827178
0.84249
0.77666
0.818634
0.833148
0.825073
0.864519
0.912392
0.86413
0.916142
0.947469
0.931957
0.893007
0.901893
0.946195
0.915566
0.780375
0.841108
0.781179
0.814653
0.825954
0.797365
0.897435
0.940604
0.946039
0.929853
0.890937
0.919042
0.773772
0.96499
0.749377
0.92659
0.941376
0.901284
